265.990960 | 19.585830 | 1.042114E+17  | 1.7163401E+16 | 5.6377455E-12 | 7.1157555E-13 | 54266.455026 | 54266.455026 |  |
265.990960 | 19.585830 | 1.4530647E+17 | 2.3931674E+16 | 6.884184E-12 | 8.58345E-13 | 54266.455026 | 54266.455026 |  | 
265.990960 | 19.585830 | 2.0260713E+17 | 3.3368973E+16 | 5.6932918E-12 | 5.0470375E-13 | 54266.455026 | 54266.455026 |  | 
265.990960 | 19.585830 | 2.825039E+17  | 4.6527806E+16 | 4.7848665E-12 | 3.8739755E-13 | 54266.455026 | 54266.455026 |  |
265.990960 | 19.585830 | 3.9390746E+17 | 6.487574E+16 | 5.475464E-12 | 4.9739715E-13 | 54266.455026 | 54266.455026 |  | 
265.990960 | 19.585830 | 5.4924224E+17 | 9.0459055E+16 | 5.1185115E-12 | 5.858384E-13 | 54266.455026 | 54266.455026 |  | 
265.990960 | 19.585830 | 7.658323E+17  | 1.2613098E+17 | 5.5136815E-12 | 9.155564E-13 | 54266.455026 | 54266.455026 |  |
265.990960 | 19.585830 | 1.0678332E+18 | 1.758699E+17 | 4.1424746E-12 | 6.6283155E-13 | 54266.455026 | 54266.455026 |  | 
265.990960 | 19.585830 | 1.042114E+17  | 1.7163401E+16 | 3.5565867E-12 | 7.98909E-13 | 55407.198894 | 55407.198894 |  |
265.990960 | 19.585830 | 1.4530647E+17 | 2.3931674E+16 | 5.9513E-12 | 1.3307512E-12 | 55407.198894 | 55407.198894 |  | 
265.990960 | 19.585830 | 2.0260713E+17 | 3.3368973E+16 | 4.522143E-12 | 5.7772347E-13 | 55407.198894 | 55407.198894 |  | 
265.990960 | 19.585830 | 2.825039E+17  | 4.6527806E+16 | 4.8285486E-12 | 6.236626E-13 | 55407.198894 | 55407.198894 |  |
265.990960 | 19.585830 | 3.9390746E+17 | 6.487574E+16 | 3.8828203E-12 | 6.1845803E-13 | 55407.198894 | 55407.198894 |  | 
265.990960 | 19.585830 | 5.4924224E+17 | 9.0459055E+16 | 5.723834E-12 | 9.112534E-13 | 55407.198894 | 55407.198894 |  | 
265.990960 | 19.585830 | 7.658323E+17  | 1.2613098E+17 | 6.7281523E-12 | 1.5044607E-12 | 55407.198894 | 55407.198894 |  |
265.990960 | 19.585830 | 1.0678332E+18 | 1.758699E+17 | 3.752584E-12 | 8.429356E-13 | 55407.198894 | 55407.198894 |  | 
265.990960 | 19.585830 | 1.042114E+17  | 1.7163401E+16 | 2.4698364E-12 | 3.8511444E-13 | 55582.055136 | 55582.055136 |  |
265.990960 | 19.585830 | 1.4530647E+17 | 2.3931674E+16 | 5.06319E-12 | 5.8193923E-13 | 55582.055136 | 55582.055136 |  | 
265.990960 | 19.585830 | 2.0260713E+17 | 3.3368973E+16 | 3.493826E-12 | 3.0824033E-13 | 55582.055136 | 55582.055136 |  | 
265.990960 | 19.585830 | 2.825039E+17  | 4.6527806E+16 | 4.7545097E-12 | 3.2575174E-13 | 55582.055136 | 55582.055136 |  |
265.990960 | 19.585830 | 3.9390746E+17 | 6.487574E+16 | 4.5340272E-12 | 3.5858683E-13 | 55582.055136 | 55582.055136 |  | 
265.990960 | 19.585830 | 5.4924224E+17 | 9.0459055E+16 | 4.2378475E-12 | 4.811863E-13 | 55582.055136 | 55582.055136 |  | 
265.990960 | 19.585830 | 7.658323E+17  | 1.2613098E+17 | 3.970904E-12 | 5.1750477E-13 | 55582.055136 | 55582.055136 |  |
265.990960 | 19.585830 | 1.0678332E+18 | 1.758699E+17 | 4.7825455E-12 | 6.1583426E-13 | 55582.055136 | 55582.055136 |  | 
265.990960 | 19.585830 | 1.042114E+17  | 1.7163401E+16 | 2.2958395E-12 | 5.157021E-13 | 56093.311809 | 56093.311809 |  |
265.990960 | 19.585830 | 1.4530647E+17 | 2.3931674E+16 | 3.8096453E-12 | 8.5186263E-13 | 56093.311809 | 56093.311809 |  | 
265.990960 | 19.585830 | 2.0260713E+17 | 3.3368973E+16 | 2.6014596E-12 | 4.1300836E-13 | 56093.311809 | 56093.311809 |  | 
265.990960 | 19.585830 | 2.825039E+17  | 4.6527806E+16 | 3.892891E-12 | 5.069899E-13 | 56093.311809 | 56093.311809 |  |
265.990960 | 19.585830 | 3.9390746E+17 | 6.487574E+16 | 3.3900066E-12 | 5.3937226E-13 | 56093.311809 | 56093.311809 |  | 
265.990960 | 19.585830 | 5.4924224E+17 | 9.0459055E+16 | 3.8504126E-12 | 6.462474E-13 | 56093.311809 | 56093.311809 |  | 
265.990960 | 19.585830 | 7.658323E+17  | 1.2613098E+17 | 5.340179E-12 | 1.1941004E-12 | 56093.311809 | 56093.311809 |  |
265.990960 | 19.585830 | 1.042114E+17  | 1.7163401E+16 | 3.2487298E-12 | 7.0893096E-13 | 56094.313636 | 56094.313636 |  |
265.990960 | 19.585830 | 1.4530647E+17 | 2.3931674E+16 | 3.869942E-12 | 8.444906E-13 | 56094.313636 | 56094.313636 |  | 
265.990960 | 19.585830 | 2.0260713E+17 | 3.3368973E+16 | 3.999298E-12 | 6.2111834E-13 | 56094.313636 | 56094.313636 |  | 
265.990960 | 19.585830 | 2.825039E+17  | 4.6527806E+16 | 3.849272E-12 | 4.9776193E-13 | 56094.313636 | 56094.313636 |  |
265.990960 | 19.585830 | 3.9390746E+17 | 6.487574E+16 | 3.5733137E-12 | 5.742541E-13 | 56094.313636 | 56094.313636 |  | 
265.990960 | 19.585830 | 5.4924224E+17 | 9.0459055E+16 | 3.3648908E-12 | 5.2666514E-13 | 56094.313636 | 56094.313636 |  | 
265.990960 | 19.585830 | 1.042114E+17  | 1.7163401E+16 | 2.3570707E-12 | 5.318691E-13 | 56096.252807 | 56096.252807 |  |
265.990960 | 19.585830 | 1.4530647E+17 | 2.3931674E+16 | 3.0669063E-12 | 6.750707E-13 | 56096.252807 | 56096.252807 |  | 
265.990960 | 19.585830 | 2.0260713E+17 | 3.3368973E+16 | 3.2686876E-12 | 6.9976495E-13 | 56096.252807 | 56096.252807 |  | 
265.990960 | 19.585830 | 2.825039E+17  | 4.6527806E+16 | 3.756348E-12 | 4.910904E-13 | 56096.252807 | 56096.252807 |  |
265.990960 | 19.585830 | 3.9390746E+17 | 6.487574E+16 | 2.8966324E-12 | 6.3483257E-13 | 56096.252807 | 56096.252807 |  | 
265.990960 | 19.585830 | 5.4924224E+17 | 9.0459055E+16 | 4.178822E-12 | 6.800088E-13 | 56096.252807 | 56096.252807 |  | 
265.990960 | 19.585830 | 7.658323E+17  | 1.2613098E+17 | 3.5367325E-12 | 7.944319E-13 | 56096.252807 | 56096.252807 |  |
265.990960 | 19.585830 | 1.042114E+17  | 1.7163401E+16 | 3.0637617E-12 | 6.881913E-13 | 56097.260798 | 56097.260798 |  |
265.990960 | 19.585830 | 1.4530647E+17 | 2.3931674E+16 | 2.8899212E-12 | 6.5509366E-13 | 56097.260798 | 56097.260798 |  | 
265.990960 | 19.585830 | 2.0260713E+17 | 3.3368973E+16 | 3.8840355E-12 | 8.5493196E-13 | 56097.260798 | 56097.260798 |  | 
265.990960 | 19.585830 | 2.825039E+17  | 4.6527806E+16 | 4.88997E-12 | 6.351445E-13 | 56097.260798 | 56097.260798 |  |
265.990960 | 19.585830 | 3.9390746E+17 | 6.487574E+16 | 4.9221187E-12 | 7.8588454E-13 | 56097.260798 | 56097.260798 |  | 
265.990960 | 19.585830 | 5.4924224E+17 | 9.0459055E+16 | 4.2075987E-12 | 9.494366E-13 | 56097.260798 | 56097.260798 |  | 
265.990960 | 19.585830 | 1.042114E+17  | 1.7163401E+16 | 2.0674979E-12 | 4.66528E-13 | 56104.219329 | 56104.219329 |  |
265.990960 | 19.585830 | 2.0260713E+17 | 3.3368973E+16 | 2.232117E-12 | 4.891962E-13 | 56104.219329 | 56104.219329 |  | 
265.990960 | 19.585830 | 2.825039E+17  | 4.6527806E+16 | 3.2972236E-12 | 5.2594257E-13 | 56104.219329 | 56104.219329 |  |
265.990960 | 19.585830 | 3.9390746E+17 | 6.487574E+16 | 3.66015E-12 | 5.9965477E-13 | 56104.219329 | 56104.219329 |  | 
265.990960 | 19.585830 | 5.4924224E+17 | 9.0459055E+16 | 4.619737E-12 | 7.3984856E-13 | 56104.219329 | 56104.219329 |  | 
265.990960 | 19.585830 | 7.658323E+17  | 1.2613098E+17 | 5.066805E-12 | 1.1329721E-12 | 56104.219329 | 56104.219329 |  |
265.990960 | 19.585830 | 1.042114E+17  | 1.7163401E+16 | 1.9843814E-12 | 4.4777046E-13 | 56390.509698 | 56390.509698 |  |
265.990960 | 19.585830 | 2.0260713E+17 | 3.3368973E+16 | 4.549518E-12 | 6.003925E-13 | 56390.509698 | 56390.509698 |  | 
265.990960 | 19.585830 | 2.825039E+17  | 4.6527806E+16 | 4.0438625E-12 | 6.707597E-13 | 56390.509698 | 56390.509698 |  | 
265.990960 | 19.585830 | 3.9390746E+17 | 6.487574E+16 | 5.079785E-12 | 6.517643E-13 | 56390.509698 | 56390.509698 |  | 
265.990960 | 19.585830 | 5.4924224E+17 | 9.0459055E+16 | 5.4634465E-12 | 8.6814963E-13 | 56390.509698 | 56390.509698 |  | 
265.990960 | 19.585830 | 7.658323E+17 | 1.2613098E+17 | 5.2036487E-12 | 1.1795687E-12 | 56390.509698 | 56390.509698 |  | 
265.990960 | 19.585830 | 1.042114E+17 | 1.7163401E+16 | 4.082308E-12 | 9.169919E-13 | 56396.466279 | 56396.466279 |  | 
265.990960 | 19.585830 | 1.4530647E+17 | 2.3931674E+16 | 4.789805E-12 | 7.614643E-13 | 56396.466279 | 56396.466279 |  | 
265.990960 | 19.585830 | 2.0260713E+17 | 3.3368973E+16 | 5.2609015E-12 | 6.37809E-13 | 56396.466279 | 56396.466279 |  | 
265.990960 | 19.585830 | 2.825039E+17 | 4.6527806E+16 | 5.7022794E-12 | 6.485599E-13 | 56396.466279 | 56396.466279 |  | 
265.990960 | 19.585830 | 3.9390746E+17 | 6.487574E+16 | 6.5228435E-12 | 7.409916E-13 | 56396.466279 | 56396.466279 |  | 
265.990960 | 19.585830 | 5.4924224E+17 | 9.0459055E+16 | 5.6417904E-12 | 9.128719E-13 | 56396.466279 | 56396.466279 |  | 
265.990960 | 19.585830 | 7.658323E+17 | 1.2613098E+17 | 7.353637E-12 | 1.1737928E-12 | 56396.466279 | 56396.466279 |  | 
265.990960 | 19.585830 | 2.0260713E+17 | 3.3368973E+16 | 2.0004625E-12 | 4.5143544E-13 | 56417.424939 | 56417.424939 |  | 
265.990960 | 19.585830 | 2.825039E+17 | 4.6527806E+16 | 4.7438568E-12 | 1.0804651E-12 | 56417.424939 | 56417.424939 |  | 
265.990960 | 19.585830 | 3.9390746E+17 | 6.487574E+16 | 4.7759726E-12 | 1.0877799E-12 | 56417.424939 | 56417.424939 |  | 
265.990960 | 19.585830 | 1.042114E+17 | 1.7163401E+16 | 3.0724273E-12 | 6.7628715E-13 | 56420.361969 | 56420.361969 |  | 
265.990960 | 19.585830 | 1.4530647E+17 | 2.3931674E+16 | 4.751279E-12 | 7.5812273E-13 | 56420.361969 | 56420.361969 |  | 
265.990960 | 19.585830 | 2.0260713E+17 | 3.3368973E+16 | 4.0187085E-12 | 5.241428E-13 | 56420.361969 | 56420.361969 |  | 
265.990960 | 19.585830 | 2.825039E+17 | 4.6527806E+16 | 5.1392198E-12 | 5.7956125E-13 | 56420.361969 | 56420.361969 |  | 
265.990960 | 19.585830 | 3.9390746E+17 | 6.487574E+16 | 5.559806E-12 | 6.425704E-13 | 56420.361969 | 56420.361969 |  | 
265.990960 | 19.585830 | 5.4924224E+17 | 9.0459055E+16 | 5.6453483E-12 | 7.167299E-13 | 56420.361969 | 56420.361969 |  | 
265.990960 | 19.585830 | 7.658323E+17 | 1.2613098E+17 | 4.0496885E-12 | 9.138073E-13 | 56420.361969 | 56420.361969 |  | 
265.990960 | 19.585830 | 1.0678332E+18 | 1.758699E+17 | 8.077297E-12 | 1.8061382E-12 | 56420.361969 | 56420.361969 |  | 
265.990960 | 19.585830 | 1.042114E+17 | 1.7163401E+16 | 3.1581916E-12 | 7.126543E-13 | 56424.436754 | 56424.436754 |  | 
265.990960 | 19.585830 | 1.4530647E+17 | 2.3931674E+16 | 3.2355449E-12 | 7.267851E-13 | 56424.436754 | 56424.436754 |  | 
265.990960 | 19.585830 | 2.0260713E+17 | 3.3368973E+16 | 5.2310226E-12 | 6.6213316E-13 | 56424.436754 | 56424.436754 |  | 
265.990960 | 19.585830 | 2.825039E+17 | 4.6527806E+16 | 5.036956E-12 | 5.579796E-13 | 56424.436754 | 56424.436754 |  | 
265.990960 | 19.585830 | 3.9390746E+17 | 6.487574E+16 | 5.5509456E-12 | 7.2278875E-13 | 56424.436754 | 56424.436754 |  | 
265.990960 | 19.585830 | 5.4924224E+17 | 9.0459055E+16 | 5.307886E-12 | 8.413498E-13 | 56424.436754 | 56424.436754 |  | 
265.990960 | 19.585830 | 7.658323E+17 | 1.2613098E+17 | 4.6860432E-12 | 1.0526038E-12 | 56424.436754 | 56424.436754 |  | 
265.990960 | 19.585830 | 1.0678332E+18 | 1.758699E+17 | 4.3205487E-12 | 9.705044E-13 | 56424.436754 | 56424.436754 |  | 
265.990960 | 19.585830 | 1.4530647E+17 | 2.3931674E+16 | 3.841692E-12 | 8.7486604E-13 | 56431.377135 | 56431.377135 |  | 
265.990960 | 19.585830 | 2.0260713E+17 | 3.3368973E+16 | 5.2547346E-12 | 1.1749943E-12 | 56431.377135 | 56431.377135 |  | 
265.990960 | 19.585830 | 2.825039E+17 | 4.6527806E+16 | 6.23042E-12 | 9.85884E-13 | 56431.377135 | 56431.377135 |  | 
265.990960 | 19.585830 | 3.9390746E+17 | 6.487574E+16 | 7.492018E-12 | 1.6752663E-12 | 56431.377135 | 56431.377135 |  | 
265.990960 | 19.585830 | 5.4924224E+17 | 9.0459055E+16 | 5.6417228E-12 | 1.2847859E-12 | 56431.377135 | 56431.377135 |  | 
265.990960 | 19.585830 | 7.658323E+17 | 1.2613098E+17 | 5.7988133E-12 | 1.3085025E-12 | 56431.377135 | 56431.377135 |  | 
265.990960 | 19.585830 | 1.042114E+17 | 1.7163401E+16 | 2.4832569E-12 | 5.6553297E-13 | 56448.341758 | 56448.341758 |  | 
265.990960 | 19.585830 | 1.4530647E+17 | 2.3931674E+16 | 3.2522914E-12 | 7.338942E-13 | 56448.341758 | 56448.341758 |  | 
265.990960 | 19.585830 | 2.0260713E+17 | 3.3368973E+16 | 5.509023E-12 | 8.35953E-13 | 56448.341758 | 56448.341758 |  | 
265.990960 | 19.585830 | 2.825039E+17 | 4.6527806E+16 | 5.6021056E-12 | 6.3714577E-13 | 56448.341758 | 56448.341758 |  | 
265.990960 | 19.585830 | 3.9390746E+17 | 6.487574E+16 | 6.568935E-12 | 7.2709964E-13 | 56448.341758 | 56448.341758 |  | 
265.990960 | 19.585830 | 5.4924224E+17 | 9.0459055E+16 | 5.829379E-12 | 9.289098E-13 | 56448.341758 | 56448.341758 |  | 
265.990960 | 19.585830 | 7.658323E+17 | 1.2613098E+17 | 6.0454107E-12 | 1.351795E-12 | 56448.341758 | 56448.341758 |  | 
265.990960 | 19.585830 | 1.0678332E+18 | 1.758699E+17 | 4.2080744E-12 | 9.539363E-13 | 56448.341758 | 56448.341758 |  | 
265.990960 | 19.585830 | 1.042114E+17 | 1.7163401E+16 | 3.653887E-12 | 8.0428893E-13 | 56458.275544 | 56458.275544 |  | 
265.990960 | 19.585830 | 1.4530647E+17 | 2.3931674E+16 | 3.5542457E-12 | 7.9837363E-13 | 56458.275544 | 56458.275544 |  | 
265.990960 | 19.585830 | 2.0260713E+17 | 3.3368973E+16 | 4.9086395E-12 | 6.662476E-13 | 56458.275544 | 56458.275544 |  | 
265.990960 | 19.585830 | 2.825039E+17 | 4.6527806E+16 | 5.6754757E-12 | 6.189268E-13 | 56458.275544 | 56458.275544 |  | 
265.990960 | 19.585830 | 3.9390746E+17 | 6.487574E+16 | 6.3018735E-12 | 7.463769E-13 | 56458.275544 | 56458.275544 |  | 
265.990960 | 19.585830 | 5.4924224E+17 | 9.0459055E+16 | 4.8148126E-12 | 7.70823E-13 | 56458.275544 | 56458.275544 |  | 
265.990960 | 19.585830 | 7.658323E+17 | 1.2613098E+17 | 3.2143292E-12 | 7.2201967E-13 | 56458.275544 | 56458.275544 |  | 
265.990960 | 19.585830 | 1.0678332E+18 | 1.758699E+17 | 4.8733565E-12 | 1.0946794E-12 | 56458.275544 | 56458.275544 |  | 
